# Blender 3.2.0
# www.blender.org
mtllib color-cube.mtl
o Cube
v 1.000000 1.000000 -1.000000
v 1.000000 -1.000000 -1.000000
v 1.000000 1.000000 1.000000
v 1.000000 -1.000000 1.000000
v -1.000000 1.000000 -1.000000
v -1.000000 -1.000000 -1.000000
v -1.000000 1.000000 1.000000
v -1.000000 -1.000000 1.000000
vn -0.0000 1.0000 -0.0000
vn -0.0000 -0.0000 1.0000
vn -1.0000 -0.0000 -0.0000
vn -0.0000 -1.0000 -0.0000
vn 1.0000 -0.0000 -0.0000
vn -0.0000 -0.0000 -1.0000
s 0
usemtl Material
f 5//1 3//1 1//1
f 5//1 7//1 3//1
usemtl Material.001
f 3//2 8//2 4//2
f 3//2 7//2 8//2
usemtl Material.002
f 1//5 4//5 2//5
f 1//5 3//5 4//5
usemtl Material.003
f 5//6 2//6 6//6
f 5//6 1//6 2//6
usemtl Material.004
f 7//3 6//3 8//3
f 7//3 5//3 6//3
usemtl Material.005
f 2//4 8//4 6//4
f 2//4 4//4 8//4
o Cube.001
v -1.403105 1.000000 -5.703106
v -1.403105 -1.000000 -5.703106
v 0.176912 1.000000 -6.929298
v 0.176912 -1.000000 -6.929298
v -0.176912 1.000000 -4.123090
v -0.176912 -1.000000 -4.123090
v 1.403105 1.000000 -5.349282
v 1.403105 -1.000000 -5.349282
vn -0.0000 1.0000 -0.0000
vn 0.7900 -0.0000 -0.6131
vn 0.6131 -0.0000 0.7900
vn -0.0000 -1.0000 -0.0000
vn -0.6131 -0.0000 -0.7900
vn -0.7900 -0.0000 0.6131
s 0
usemtl Material.011
f 13//7 11//7 9//7
f 13//7 15//7 11//7
usemtl Material.010
f 11//8 16//8 12//8
f 11//8 15//8 16//8
usemtl Material.009
f 9//11 12//11 10//11
f 9//11 11//11 12//11
usemtl Material.008
f 13//12 10//12 14//12
f 13//12 9//12 10//12
usemtl Material.007
f 15//9 14//9 16//9
f 15//9 13//9 14//9
usemtl Material.006
f 10//10 16//10 14//10
f 10//10 12//10 16//10
o Cube.002
v -4.377556 -1.612705 -0.238190
v -3.261743 0.047102 -0.238190
v -5.688818 -0.731203 -1.464383
v -4.573004 0.928604 -1.464383
v -5.395178 -0.928604 1.341826
v -4.279365 0.731203 1.341826
v -6.706439 -0.047102 0.115633
v -5.590626 1.612705 0.115633
vn -0.5579 -0.8299 -0.0000
vn -0.6556 0.4408 -0.6131
vn -0.5088 0.3421 0.7900
vn 0.5579 0.8299 -0.0000
vn 0.5088 -0.3421 -0.7900
vn 0.6556 -0.4408 0.6131
s 0
usemtl Material.012
f 21//13 19//13 17//13
f 21//13 23//13 19//13
usemtl Material.013
f 19//14 24//14 20//14
f 19//14 23//14 24//14
usemtl Material.014
f 17//17 20//17 18//17
f 17//17 19//17 20//17
usemtl Material.015
f 21//18 18//18 22//18
f 21//18 17//18 18//18
usemtl Material.016
f 23//15 22//15 24//15
f 23//15 21//15 22//15
usemtl Material.017
f 18//16 24//16 22//16
f 18//16 20//16 24//16
o Cube.003
v -1.414861 -0.470378 4.689221
v -1.414861 0.893599 3.226495
v -1.414861 -1.933104 3.325244
v -1.414861 -0.569127 1.862518
v -3.414861 -0.470378 4.689221
v -3.414861 0.893599 3.226495
v -3.414861 -1.933104 3.325244
v -3.414861 -0.569127 1.862518
vn -0.0000 -0.6820 0.7314
vn -0.0000 -0.7314 -0.6820
vn -1.0000 -0.0000 -0.0000
vn -0.0000 0.6820 -0.7314
vn 1.0000 -0.0000 -0.0000
vn -0.0000 0.7314 0.6820
s 0
usemtl Material.018
f 29//19 27//19 25//19
f 29//19 31//19 27//19
usemtl Material.019
f 27//20 32//20 28//20
f 27//20 31//20 32//20
usemtl Material.020
f 25//23 28//23 26//23
f 25//23 27//23 28//23
usemtl Material.021
f 29//24 26//24 30//24
f 29//24 25//24 26//24
usemtl Material.022
f 31//21 30//21 32//21
f 31//21 29//21 30//21
usemtl Material.023
f 26//22 32//22 30//22
f 26//22 28//22 32//22
o Cube.004
v 4.523450 1.604678 -2.216752
v 2.985847 1.059161 -3.373551
v 5.768178 0.550601 -3.374152
v 4.230574 0.005084 -4.530952
v 4.229464 -0.005084 -1.066865
v 2.691860 -0.550601 -2.223665
v 5.474191 -1.059161 -2.224266
v 3.936587 -1.604678 -3.381066
vn 0.7688 0.2728 0.5784
vn 0.6224 -0.5270 -0.5787
vn -0.1470 -0.8049 0.5749
vn -0.7688 -0.2728 -0.5784
vn 0.1470 0.8049 -0.5749
vn -0.6224 0.5270 0.5787
s 0
usemtl Material.024
f 37//25 35//25 33//25
f 37//25 39//25 35//25
usemtl Material.025
f 35//26 40//26 36//26
f 35//26 39//26 40//26
usemtl Material.026
f 33//29 36//29 34//29
f 33//29 35//29 36//29
usemtl Material.027
f 37//30 34//30 38//30
f 37//30 33//30 34//30
usemtl Material.028
f 39//27 38//27 40//27
f 39//27 37//27 38//27
usemtl Material.029
f 34//28 40//28 38//28
f 34//28 36//28 40//28
